1000
7 54 41
6 23 99
8 90 85
91 5 25
61 12 61
2 35 88
9 77 77
38 18 74
38 18 100
82 86 16
36 64 15
80 94 17
60 38 13
16 81 32
35 55 45
43 48 99
31 20 6
80 78 67
99 95 91
74 35 78
22 84 76
11 99 88
37 59 59
63 73 6
93 37 34
19 57 99
63 42 23
0 57 27
57 53 73
56 35 42
92 100 81
22 34 52
56 91 37
42 93 63
46 4 73
19 54 59
15 81 30
23 3 100
75 33 74
37 87 64
87 70 20
54 13 86
84 26 67
28 58 46
33 18 17
15 87 67
19 61 77
89 42 1
64 88 26
77 46 25
4 99 54
0 71 40
100 97 2
4 92 13
2 76 15
18 28 91
50 91 58
100 66 7
58 99 46
91 61 19
85 85 34
84 70 75
43 54 4
75 91 13
27 81 7
78 71 68
22 20 89
16 74 2
89 48 41
14 46 40
0 53 42
87 63 13
54 69 77
91 2 12
84 53 47
58 36 22
61 89 91
84 79 64
25 43 87
12 55 55
3 31 48
52 91 16
87 28 17
89 84 47
16 81 80
99 41 62
66 16 67
18 75 8
35 64 17
73 79 96
15 90 92
98 100 65
91 86 25
97 69 86
38 36 53
3 89 85
69 96 28
96 10 58
39 94 64
100 35 40
44 52 32
20 60 5
97 96 54
39 72 57
85 73 70
98 41 60
63 5 13
21 26 87
23 89 93
47 25 9
19 25 7
87 66 72
74 73 98
100 33 89
34 59 57
27 56 28
87 21 91
17 55 29
31 15 100
2 57 53
97 24 78
12 85 59
86 25 64
32 15 55
55 37 9
62 17 11
7 56 41
28 95 98
65 77 89
2 32 95
91 10 23
43 9 84
4 57 29
25 55 35
77 97 48
16 20 13
52 22 97
1 74 53
10 38 38
80 2 41
76 47 70
24 84 57
83 27 46
50 22 86
95 11 94
10 86 69
72 68 30
29 71 99
32 14 83
24 26 19
76 23 47
34 67 6
4 45 66
87 37 39
49 43 41
78 22 46
46 13 25
20 94 40
45 70 62
95 33 26
54 18 72
80 80 99
79 91 11
16 53 10
90 69 60
22 4 96
90 78 19
74 9 58
95 52 21
72 83 63
37 54 52
1 28 70
60 68 69
17 52 13
69 77 100
57 10 21
8 92 17
49 11 58
0 10 42
67 45 63
7 29 86
4 62 87
79 7 62
82 19 81
46 83 61
29 36 86
11 69 57
20 56 69
7 78 53
33 70 76
67 88 33
50 82 26
8 100 13
79 67 41
95 61 13
11 83 30
83 15 78
46 100 80
34 21 80
23 68 11
31 43 35
20 28 98
29 90 66
48 100 7
77 31 9
25 2 9
84 90 42
90 37 82
68 88 23
38 31 43
65 69 32
49 37 81
35 99 22
20 73 91
87 15 84
6 12 13
34 16 89
31 32 20
3 75 98
43 24 79
32 94 82
84 24 17
55 68 37
58 20 9
80 5 56
32 10 75
97 44 64
29 16 45
29 21 89
71 28 11
20 56 46
42 58 87
62 67 78
99 58 92
31 11 66
93 6 84
100 28 10
3 82 67
79 20 6
63 38 11
57 28 81
42 13 34
57 87 8
47 53 21
68 45 5
87 63 16
4 47 1
40 29 19
71 76 48
57 58 89
87 12 14
45 24 7
38 86 11
53 46 81
36 98 30
84 98 25
48 64 69
64 70 73
35 87 31
52 58 41
25 69 7
99 91 5
13 15 75
30 61 23
23 17 75
73 93 3
10 32 14
51 61 55
100 55 38
81 30 41
8 87 8
87 20 40
69 82 83
77 67 94
0 55 55
66 25 14
52 72 19
83 53 23
0 54 4
19 15 33
16 39 79
96 46 59
4 78 15
79 13 6
43 47 33
28 1 34
0 32 79
37 17 62
26 63 84
74 3 72
14 72 37
77 65 16
27 39 58
42 4 54
1 87 71
58 90 100
3 83 27
24 66 29
25 74 22
13 9 61
92 7 98
34 44 71
71 75 25
10 34 81
78 100 69
63 97 5
96 23 79
10 55 27
84 1 80
34 9 32
90 67 82
17 32 44
14 84 31
97 18 34
34 29 29
93 40 71
73 66 59
21 99 3
36 93 63
57 14 13
49 42 78
86 41 9
55 99 81
96 67 6
70 35 40
78 53 78
72 96 80
77 61 9
23 100 5
1 7 59
67 12 75
54 7 5
94 6 97
67 23 25
13 69 20
80 46 30
60 87 90
14 58 26
91 83 54
16 46 80
0 68 90
72 82 11
52 23 15
66 17 16
18 95 60
76 70 22
80 66 44
91 65 22
25 25 97
19 67 40
33 84 61
57 64 92
41 35 64
94 24 53
76 78 55
54 36 40
7 55 65
61 56 2
43 86 20
61 11 30
29 37 5
52 68 7
34 72 48
84 74 99
2 64 93
88 5 55
30 15 68
97 88 98
60 24 94
65 88 97
6 26 84
44 26 6
49 73 97
42 62 90
19 87 86
35 71 80
67 89 59
47 88 70
45 24 72
39 5 87
8 13 21
70 87 37
12 83 57
65 39 45
75 68 11
93 24 72
66 92 12
49 97 30
29 2 60
13 21 19
57 76 73
99 3 95
13 98 74
71 75 75
19 23 85
57 27 68
24 100 35
83 77 15
13 35 36
74 24 4
94 29 61
14 89 2
67 68 52
21 52 78
27 5 38
44 65 58
98 96 13
20 62 88
50 22 62
6 90 18
55 36 81
100 31 11
46 65 73
59 96 91
67 54 42
10 34 82
34 72 75
17 42 4
82 93 96
51 9 46
40 47 81
15 29 66
97 58 73
7 95 21
41 12 92
81 16 88
59 72 79
95 95 17
12 59 63
33 6 28
42 8 52
92 3 36
62 44 84
81 38 96
26 4 85
25 40 82
89 8 11
77 75 53
48 19 14
28 12 87
13 55 55
83 25 47
96 2 72
31 8 81
20 60 75
58 18 38
37 87 8
82 28 71
77 23 24
56 87 92
2 36 39
28 37 95
79 6 30
79 12 10
34 5 87
84 58 56
57 75 37
64 85 30
97 10 17
82 65 54
91 96 80
4 11 83
58 91 89
94 73 33
39 62 100
79 70 92
55 65 61
19 80 12
86 33 83
18 57 73
3 22 39
52 20 71
23 24 41
52 60 75
65 89 98
51 22 21
19 13 36
20 41 6
75 96 31
95 85 81
11 99 92
4 87 25
73 9 85
85 93 63
79 8 72
96 74 56
2 96 76
77 21 90
46 13 17
97 82 93
100 98 41
10 67 92
54 28 31
41 87 80
73 4 82
29 72 80
53 6 61
52 10 20
34 26 6
42 12 84
37 62 67
88 98 52
55 82 21
72 53 57
76 5 76
66 30 100
36 22 35
1 55 20
76 77 73
90 70 34
80 74 70
35 8 16
52 44 12
25 23 43
99 70 86
34 27 91
44 95 98
4 95 82
21 88 44
100 9 27
84 79 48
5 36 8
55 32 37
11 72 92
91 2 11
72 73 82
27 23 72
19 77 72
17 8 18
17 31 57
54 8 62
84 69 3
25 61 69
98 4 46
67 60 99
92 40 17
21 89 97
51 61 95
1 87 21
3 19 75
30 5 25
88 76 98
66 15 25
41 67 73
8 7 32
100 61 33
2 77 57
100 91 95
22 95 30
86 75 33
86 89 75
82 24 95
54 72 3
57 38 52
40 79 88
98 85 64
42 7 15
95 21 59
56 82 23
28 13 37
89 86 90
65 83 43
35 81 8
46 26 68
41 5 75
61 88 67
87 93 35
62 46 1
11 97 8
46 25 23
1 45 6
77 88 1
51 65 58
3 96 47
96 80 66
59 82 94
35 55 63
74 98 45
68 47 78
83 21 71
88 40 84
81 64 70
19 90 69
92 10 71
89 11 13
0 39 48
31 30 58
59 46 2
26 2 42
60 34 72
70 93 6
30 74 67
73 44 1
27 61 19
31 83 25
51 76 26
99 8 47
97 37 34
41 85 26
26 57 61
38 13 28
66 68 37
73 81 87
33 20 79
8 31 78
31 37 19
50 96 59
55 47 53
92 80 87
100 39 9
69 25 52
0 15 62
100 84 72
96 55 72
67 43 16
73 100 14
50 27 13
57 66 7
71 52 15
30 5 55
60 98 27
82 35 76
33 56 65
82 89 7
60 86 100
73 94 45
49 2 81
15 40 98
99 13 4
95 20 58
50 58 100
74 77 38
7 79 5
77 46 98
33 60 68
25 63 58
6 10 20
91 2 82
27 86 68
54 84 33
41 54 55
61 30 32
12 98 95
99 35 58
78 12 41
91 54 60
7 33 36
63 53 74
67 7 97
85 55 91
28 74 83
68 23 60
93 94 28
18 75 3
75 69 6
68 76 65
61 65 100
47 39 84
14 19 22
77 28 9
63 4 15
25 76 48
92 33 47
8 34 45
14 65 87
94 29 22
10 5 43
61 38 36
21 94 36
44 5 97
52 33 14
56 6 32
32 60 75
84 90 1
1 23 28
9 70 2
84 18 41
25 17 18
82 94 57
59 31 96
22 42 25
28 75 45
31 9 91
30 25 5
99 99 99
12 8 16
51 52 94
28 2 36
83 89 31
20 2 14
10 33 33
94 30 5
37 2 41
30 57 67
19 59 93
98 83 39
98 39 27
43 97 35
73 6 68
65 48 46
98 13 29
41 31 52
19 32 19
100 23 20
48 62 3
76 82 99
68 55 29
17 36 76
51 16 84
88 17 100
67 60 11
28 53 36
22 14 70
11 92 53
67 48 15
75 28 25
74 86 76
45 58 33
6 27 73
84 38 75
58 63 62
64 25 83
0 30 70
34 29 37
22 97 31
93 28 75
44 35 57
75 76 37
91 48 60
97 83 99
1 22 6
80 25 64
86 67 92
100 91 18
33 24 78
5 20 37
38 42 11
66 20 11
91 74 34
6 56 93
58 12 24
40 31 94
38 87 35
48 86 21
6 54 76
90 58 66
38 91 22
37 77 96
5 92 68
77 91 2
66 22 24
47 85 3
84 71 12
14 59 83
5 77 3
43 82 22
25 47 39
75 40 70
2 1 3
100 89 79
26 7 46
53 90 67
46 59 25
51 72 5
75 23 60
62 59 95
57 41 42
56 61 7
10 55 4
5 100 52
8 64 34
51 7 31
19 41 36
12 100 82
18 56 55
26 26 94
93 92 92
48 38 28
97 81 53
74 92 31
67 14 93
16 88 96
35 72 76
100 87 47
95 11 94
49 18 95
79 48 76
28 81 52
43 99 74
48 69 67
22 21 46
50 20 90
75 2 67
24 29 11
56 57 34
100 54 94
85 86 56
82 2 69
90 69 64
44 71 96
52 90 42
39 62 18
76 21 60
32 71 93
11 78 3
76 86 17
84 75 56
98 22 42
94 75 65
8 61 3
20 24 95
50 66 61
12 88 91
72 69 8
29 42 62
70 16 5
100 45 18
17 26 74
38 4 1
25 18 17
56 83 72
41 20 71
60 81 83
70 88 73
4 80 61
12 7 78
97 44 60
23 36 86
86 22 44
19 7 99
47 74 14
99 26 64
10 33 56
16 35 59
20 14 88
20 46 23
10 87 38
46 38 10
2 20 12
70 25 2
15 81 62
13 17 1
73 67 79
55 58 79
70 72 24
91 22 82
47 8 15
60 52 78
83 41 63
45 94 28
21 60 67
53 28 74
72 36 27
70 91 100
68 63 40
51 46 69
14 10 10
46 74 16
38 8 35
8 3 76
72 98 89
96 31 25
32 67 10
94 54 91
85 74 65
1 13 64
88 45 37
4 42 74
90 72 20
15 72 4
17 6 40
21 28 21
100 84 31
68 85 59
84 95 42
9 67 98
77 75 10
61 71 58
57 61 15
36 61 83
90 63 36
19 53 6
3 98 22
12 71 89
61 53 3
18 61 15
72 15 93
8 78 93
60 100 78
69 26 21
38 55 3
22 45 39
90 77 46
31 10 68
78 12 26
93 91 57
28 88 81
59 30 95
84 40 70
5 47 9
23 76 96
76 41 73
6 37 12
67 95 83
22 88 73
78 23 25
90 24 63
7 38 80
55 84 13
38 10 22
2 67 55
53 86 23
76 10 62
18 66 28
7 84 93
37 3 58
31 57 62
17 46 54
78 31 43
45 19 56
75 31 59
94 62 11
31 3 8
45 54 78
67 1 56
22 54 16
47 32 85
78 28 15
18 82 44
60 81 24
53 3 4
64 81 11
93 62 88
74 32 14
16 66 92
42 65 78
39 43 22
39 5 38
52 29 5
98 23 27
16 48 34
74 32 16
2 9 3
75 97 59
47 27 8
38 92 85
36 65 62
85 12 5
18 89 10
37 92 57
49 86 5
69 91 72
56 56 52
7 68 97
73 7 6
35 62 33
61 85 22
93 81 97
0 89 69
84 93 54
100 1 1
40 76 92
97 76 47
69 62 92
46 69 58
11 5 82
28 62 38
21 63 84
6 97 77
2 47 93
98 6 75
59 75 48
85 68 41
30 64 56
33 36 11
64 20 30
67 94 53
22 89 58
67 83 21
70 59 36
93 54 6
88 56 9
70 70 72
85 33 65
10 22 75
77 83 58
91 47 20
30 64 33
53 70 66
80 60 28
32 43 54
85 13 84
99 92 60
34 78 21
61 55 7
34 10 100
0 92 67
15 14 85
56 1 93
78 3 72
